vr1 1024

0.00000
0.19352
0.19490
0.19720
0.20041
0.20455
0.20961
0.21558
0.22248
0.23029
0.23902
0.24868
0.25925
0.27074
0.28315
0.29648
0.31073
0.32590
0.34199
0.35900
0.37692
0.39577
0.41462
0.43346
0.45231
0.47115
0.49000
0.50885
0.52769
0.54654
0.56538
0.58423
0.60308
0.62146
0.63939
0.65686
0.67386
0.69041
0.70650
0.72213
0.73730
0.75201
0.76626
0.78005
0.79338
0.80625
0.81866
0.83061
0.84210
0.85313
0.86371
0.87382
0.88347
0.89266
0.90140
0.90967
0.91749
0.92484
0.93174
0.93817
0.94415
0.94966
0.95472
0.95932
0.96345
0.96713
0.97035
0.97311
0.97540
0.97724
0.97862
0.97954
0.98000
0.98000
0.98000
0.98000
0.98000
0.98000
0.98000
0.98000
0.98000
0.98000
0.98000
0.98000
0.98000
0.98000
0.98000
0.98000
0.98000
0.98000
0.98000
0.98000
0.98000
0.98000
0.98000
0.98000
0.98000
0.98000
0.98000
0.98000
0.98000
0.98000
0.98000
0.98000
0.98000
0.98000
0.98000
0.98000
0.98000
0.98000
0.98000
0.98000
0.98000
0.98000
0.98000
0.98000
0.98000
0.98000
0.98000
0.98000
0.98000
0.98000
0.98000
0.98000
0.98000
0.98000
0.98000
0.98000
0.98000
0.98000
0.98000
0.98000
0.98000
0.98000
0.98000
0.98000
0.98000
0.98000
0.98000
0.98000
0.98000
0.98000
0.98000
0.98000
0.98000
0.98000
0.98000
0.98000
0.98000
0.98000
0.98000
0.98000
0.98000
0.98000
0.98000
0.98000
0.98000
0.98000
0.98000
0.98000
0.98000
0.98000
0.98000
0.98000
0.98000
0.98000
0.98000
0.98000
0.98000
0.98000
0.98000
0.98000
0.98000
0.98000
0.98000
0.98000
0.98000
0.98000
0.98000
0.98000
0.98000
0.98000
0.98000
0.98000
0.98000
0.98000
0.98000
0.98000
0.98000
0.98000
0.98000
0.98000
0.98000
0.98000
0.98000
0.98000
0.98000
0.98000
0.98000
0.98000
0.98000
0.98000
0.98000
0.98000
0.98000
0.98000
0.98000
0.98000
0.98000
0.98000
0.98000
0.98000
0.98000
0.98000
0.98000
0.98000
0.98000
0.98000
0.98000
0.98000
0.98000
0.98000
0.98000
0.97952
0.97570
0.96853
0.95801
0.94415
0.92694
0.90638
0.88248
0.85523
0.82463
0.79069
0.75340
0.71277
0.66879
0.62146
0.57366
0.52585
0.47805
0.43024
0.38244
0.33463
0.28683
0.23902
0.19122
0.14341
0.09561
0.04780
-0.00000
-0.04780
-0.09561
-0.14341
-0.19122
-0.23902
-0.28683
-0.33463
-0.38244
-0.43024
-0.47805
-0.52585
-0.57366
-0.62146
-0.66879
-0.71277
-0.75340
-0.79069
-0.82463
-0.85523
-0.88248
-0.90638
-0.92694
-0.94415
-0.95801
-0.96853
-0.97570
-0.97952
-0.98000
-0.98000
-0.98000
-0.98000
-0.98000
-0.98000
-0.98000
-0.98000
-0.98000
-0.98000
-0.98000
-0.98000
-0.98000
-0.98000
-0.98000
-0.98000
-0.98000
-0.98000
-0.98000
-0.98000
-0.98000
-0.98000
-0.98000
-0.98000
-0.98000
-0.98000
-0.98000
-0.98000
-0.98000
-0.98000
-0.98000
-0.98000
-0.98000
-0.98000
-0.98000
-0.98000
-0.98000
-0.98000
-0.98000
-0.98000
-0.98000
-0.98000
-0.98000
-0.98000
-0.98000
-0.98000
-0.98000
-0.98000
-0.98000
-0.98000
-0.98000
-0.98000
-0.98000
-0.98000
-0.98000
-0.98000
-0.98000
-0.98000
-0.98000
-0.98000
-0.98000
-0.98000
-0.98000
-0.98000
-0.98000
-0.98000
-0.98000
-0.98000
-0.98000
-0.98000
-0.98000
-0.98000
-0.98000
-0.98000
-0.98000
-0.98000
-0.98000
-0.98000
-0.98000
-0.98000
-0.98000
-0.98000
-0.98000
-0.98000
-0.98000
-0.98000
-0.98000
-0.98000
-0.98000
-0.98000
-0.98000
-0.98000
-0.98000
-0.98000
-0.98000
-0.98000
-0.98000
-0.98000
-0.98000
-0.98000
-0.98000
-0.98000
-0.98000
-0.98000
-0.98000
-0.98000
-0.98000
-0.98000
-0.98000
-0.98000
-0.98000
-0.98000
-0.98000
-0.98000
-0.98000
-0.98000
-0.98000
-0.98000
-0.98000
-0.98000
-0.98000
-0.98000
-0.98000
-0.98000
-0.98000
-0.98000
-0.98000
-0.98000
-0.98000
-0.98000
-0.98000
-0.98000
-0.98000
-0.98000
-0.98000
-0.98000
-0.98000
-0.98000
-0.98000
-0.98000
-0.98000
-0.98000
-0.98000
-0.98000
-0.98000
-0.98000
-0.98000
-0.98000
-0.98000
-0.98000
-0.98000
-0.98000
-0.98000
-0.98000
-0.98000
-0.98000
-0.98000
-0.98000
-0.98000
-0.98000
-0.98000
-0.98000
-0.98000
-0.98000
-0.98000
-0.98000
-0.98000
-0.98000
-0.98000
-0.98000
-0.98000
-0.98000
-0.98000
-0.98000
-0.98000
-0.98000
-0.98000
-0.98000
-0.98000
-0.98000
-0.98000
-0.98000
-0.98000
-0.98000
-0.98000
-0.98000
-0.98000
-0.98000
-0.97929
-0.97609
-0.97041
-0.96224
-0.95158
-0.93843
-0.92280
-0.90468
-0.88408
-0.86099
-0.83541
-0.80734
-0.77679
-0.74375
-0.70823
-0.67184
-0.63459
-0.59649
-0.55753
-0.51770
-0.47702
-0.43548
-0.39307
-0.34981
-0.30569
-0.26071
-0.21487
-0.16817
-0.12061
-0.07281
-0.02500
0.02280
0.07061
0.11841
0.16622
0.21402
0.26183
0.30963
0.35744
0.40524
0.45305
0.50014
0.54475
0.58687
0.62650
0.66365
0.69831
0.73049
0.76017
0.78737
0.81208
0.83431
0.85405
0.87130
0.88607
0.89835
0.90977
0.92033
0.93003
0.93887
0.94685
0.95397
0.96023
0.96563
0.97018
0.97386
0.97668
0.97865
0.97975
0.98000
0.98000
0.98000
0.98000
0.98000
0.98000
0.98000
0.98000
0.98000
0.98000
0.98000
0.98000
0.98000
0.98000
0.98000
0.98000
0.98000
0.98000
0.98000
0.98000
0.98000
0.98000
0.98000
0.98000
0.98000
0.98000
0.98000
0.98000
0.98000
0.98000
0.98000
0.98000
0.98000
0.98000
0.98000
0.98000
0.98000
0.98000
0.98000
0.98000
0.98000
0.98000
0.98000
0.98000
0.98000
0.98000
0.98000
0.98000
0.98000
0.98000
0.98000
0.98000
0.98000
0.98000
0.98000
0.98000
0.98000
0.98000
0.98000
0.98000
0.98000
0.98000
0.98000
0.98000
0.98000
0.98000
0.98000
0.98000
0.98000
0.98000
0.98000
0.98000
0.98000
0.98000
0.98000
0.98000
0.98000
0.98000
0.98000
0.98000
0.98000
0.98000
0.98000
0.98000
0.98000
0.98000
0.98000
0.98000
0.98000
0.98000
0.98000
0.98000
0.98000
0.98000
0.98000
0.98000
0.98000
0.98000
0.98000
0.98000
0.98000
0.98000
0.98000
0.98000
0.98000
0.98000
0.98000
0.98000
0.98000
0.98000
0.98000
0.98000
0.98000
0.98000
0.98000
0.98000
0.98000
0.98000
0.98000
0.98000
0.98000
0.98000
0.98000
0.98000
0.98000
0.98000
0.98000
0.98000
0.98000
0.98000
0.98000
0.98000
0.98000
0.98000
0.98000
0.98000
0.98000
0.98000
0.98000
0.98000
0.98000
0.98000
0.98000
0.98000
0.98000
0.98000
0.98000
0.98000
0.98000
0.98000
0.98000
0.98000
0.98000
0.98000
0.98000
0.98000
0.98000
0.98000
0.98000
0.98000
0.98000
0.98000
0.98000
0.98000
0.98000
0.98000
0.98000
0.98000
0.98000
0.98000
0.98000
0.98000
0.98000
0.98000
0.98000
0.98000
0.98000
0.98000
0.98000
0.98000
0.98000
0.98000
0.98000
0.98000
0.98000
0.98000
0.98000
0.98000
0.97952
0.97570
0.96853
0.95801
0.94415
0.92694
0.90638
0.88248
0.85523
0.82463
0.79069
0.75340
0.71277
0.66879
0.62146
0.57366
0.52585
0.47805
0.43024
0.38244
0.33463
0.28683
0.23902
0.19122
0.14341
0.09561
0.04780
-0.00000
-0.04780
-0.09561
-0.14341
-0.19122
-0.23902
-0.28683
-0.33463
-0.38244
-0.43024
-0.47805
-0.52585
-0.57366
-0.62146
-0.66879
-0.71277
-0.75340
-0.79069
-0.82463
-0.85523
-0.88248
-0.90638
-0.92694
-0.94415
-0.95801
-0.96853
-0.97570
-0.97952
-0.98000
-0.98000
-0.98000
-0.98000
-0.98000
-0.98000
-0.98000
-0.98000
-0.98000
-0.98000
-0.98000
-0.98000
-0.98000
-0.98000
-0.98000
-0.98000
-0.98000
-0.98000
-0.98000
-0.98000
-0.98000
-0.98000
-0.98000
-0.98000
-0.98000
-0.98000
-0.98000
-0.98000
-0.98000
-0.98000
-0.98000
-0.98000
-0.98000
-0.98000
-0.98000
-0.98000
-0.98000
-0.98000
-0.98000
-0.98000
-0.98000
-0.98000
-0.98000
-0.98000
-0.98000
-0.98000
-0.98000
-0.98000
-0.98000
-0.98000
-0.98000
-0.98000
-0.98000
-0.98000
-0.98000
-0.98000
-0.98000
-0.98000
-0.98000
-0.98000
-0.98000
-0.98000
-0.98000
-0.98000
-0.98000
-0.98000
-0.98000
-0.98000
-0.98000
-0.98000
-0.98000
-0.98000
-0.98000
-0.98000
-0.98000
-0.98000
-0.98000
-0.98000
-0.98000
-0.98000
-0.98000
-0.98000
-0.98000
-0.98000
-0.98000
-0.98000
-0.98000
-0.98000
-0.98000
-0.98000
-0.98000
-0.98000
-0.98000
-0.98000
-0.98000
-0.98000
-0.98000
-0.98000
-0.98000
-0.98000
-0.98000
-0.98000
-0.98000
-0.98000
-0.98000
-0.98000
-0.98000
-0.98000
-0.98000
-0.98000
-0.98000
-0.98000
-0.98000
-0.98000
-0.98000
-0.98000
-0.98000
-0.98000
-0.98000
-0.98000
-0.98000
-0.98000
-0.98000
-0.98000
-0.98000
-0.98000
-0.98000
-0.98000
-0.98000
-0.98000
-0.98000
-0.98000
-0.98000
-0.98000
-0.98000
-0.98000
-0.98000
-0.98000
-0.98000
-0.98000
-0.98000
-0.98000
-0.98000
-0.98000
-0.98000
-0.98000
-0.98000
-0.98000
-0.98000
-0.98000
-0.98000
-0.98000
-0.98000
-0.98000
-0.98000
-0.98000
-0.98000
-0.98000
-0.98000
-0.98000
-0.98000
-0.98000
-0.98000
-0.98000
-0.98000
-0.98000
-0.98000
-0.98000
-0.98000
-0.98000
-0.98000
-0.98000
-0.98000
-0.98000
-0.98000
-0.97954
-0.97862
-0.97724
-0.97540
-0.97311
-0.97035
-0.96713
-0.96345
-0.95932
-0.95472
-0.94966
-0.94415
-0.93817
-0.93104
-0.92108
-0.90843
-0.89322
-0.87556
-0.85561
-0.83347
-0.80928
-0.78317
-0.75527
-0.72571
-0.69460
-0.66210
-0.62831
-0.59338
-0.55890
-0.52489
-0.49133
-0.45824
-0.42560
-0.39342
-0.36171
-0.33045
-0.29965
-0.26932
-0.23944
-0.21002
-0.18106
-0.15302
-0.12590
-0.09970
-0.07442
-0.05006
-0.02661
-0.00409
0.01751
0.03820
0.05796
0.07681
0.09566
0.11450
0.13265
0.14843
0.16198
0.17343
0.18290
0.19052
0.19642
0.20073
0.20358
0.20510
0.20541
0.20465
0.20294
0.20041
0.19720
0.19490
0.19352
