vrt2 1024

-0.11257
-0.08729
-0.06202
-0.03674
-0.01146
0.01225
0.03403
0.05582
0.07760
0.09938
0.11802
0.13630
0.15458
0.17286
0.18992
0.20469
0.21947
0.23424
0.24901
0.26100
0.27228
0.28355
0.29482
0.30590
0.31636
0.32683
0.33729
0.34775
0.35750
0.36693
0.37636
0.38579
0.39504
0.40320
0.41137
0.41953
0.42770
0.43498
0.44166
0.44834
0.45501
0.46162
0.46657
0.47153
0.47649
0.48145
0.48639
0.49133
0.49626
0.50120
0.50613
0.51105
0.51596
0.52087
0.52578
0.53068
0.53556
0.54044
0.54533
0.55021
0.55507
0.55992
0.56478
0.56963
0.57447
0.57930
0.58412
0.58894
0.59376
0.59856
0.60335
0.60814
0.61293
0.61771
0.62246
0.62722
0.63197
0.63673
0.64145
0.64617
0.65088
0.65560
0.66031
0.66499
0.66966
0.67434
0.67901
0.68366
0.68830
0.69293
0.69756
0.70220
0.70679
0.71138
0.71597
0.72056
0.72512
0.72967
0.73421
0.73875
0.74329
0.74779
0.75229
0.75678
0.76127
0.76575
0.77020
0.77464
0.77908
0.78353
0.78793
0.79232
0.79672
0.80111
0.80549
0.80982
0.81416
0.81850
0.82283
0.82713
0.83141
0.83569
0.83997
0.84425
0.84847
0.85269
0.85692
0.86114
0.86533
0.86949
0.87365
0.87782
0.88198
0.88608
0.89018
0.89428
0.89838
0.90245
0.90648
0.91052
0.91456
0.91859
0.91983
0.92081
0.92178
0.92276
0.92178
0.91737
0.91296
0.90855
0.90414
0.89967
0.89519
0.89071
0.88623
0.88173
0.87718
0.87263
0.86808
0.86353
0.85892
0.85430
0.84968
0.84505
0.84042
0.83572
0.83102
0.82633
0.82163
0.81689
0.81211
0.80734
0.80257
0.79779
0.79294
0.78808
0.78323
0.77838
0.77349
0.76856
0.76363
0.75870
0.75377
0.75162
0.74960
0.74759
0.74557
0.74567
0.74889
0.75212
0.75534
0.75856
0.76171
0.76485
0.76798
0.77112
0.77423
0.77728
0.78034
0.78339
0.78644
0.78943
0.79239
0.79536
0.79833
0.80128
0.80416
0.80704
0.80992
0.81280
0.81562
0.81841
0.82120
0.82398
0.82676
0.82946
0.83216
0.83486
0.83756
0.84021
0.84282
0.84543
0.84804
0.85064
0.85316
0.85568
0.85819
0.86071
0.86318
0.86560
0.86803
0.87045
0.87287
0.87520
0.87753
0.87986
0.88218
0.88448
0.88671
0.88894
0.89117
0.89340
0.89556
0.89769
0.89983
0.90196
0.90407
0.90611
0.90814
0.91018
0.91221
0.91418
0.91612
0.91805
0.91999
0.92191
0.92375
0.92559
0.92743
0.92927
0.93104
0.93278
0.93452
0.93626
0.93799
0.93963
0.94126
0.94290
0.94454
0.94612
0.94766
0.94919
0.95072
0.95226
0.95369
0.95513
0.95656
0.95799
0.95938
0.96071
0.96204
0.96337
0.96470
0.96594
0.96716
0.96839
0.96961
0.97081
0.97192
0.97304
0.97416
0.97528
0.97632
0.97734
0.97835
0.97937
0.98036
0.98127
0.98218
0.98309
0.98400
0.98485
0.98565
0.98646
0.98726
0.98806
0.98875
0.98945
0.99014
0.99084
0.99148
0.99207
0.99266
0.99325
0.99384
0.99433
0.99482
0.99530
0.99578
0.99622
0.99660
0.99698
0.99736
0.99774
0.99802
0.99829
0.99856
0.99883
0.99906
0.99922
0.99939
0.99955
0.99971
0.99979
0.99985
0.99990
0.99996
0.99999
0.99994
0.99989
0.99984
0.99978
0.99966
0.99950
0.99934
0.99918
0.99900
0.99874
0.99847
0.99820
0.99793
0.99761
0.99723
0.99686
0.99649
0.99611
0.99563
0.99515
0.99467
0.99419
0.99366
0.99307
0.99248
0.99189
0.99130
0.99062
0.98992
0.98923
0.98853
0.98780
0.98700
0.98620
0.98540
0.98460
0.98371
0.98281
0.98190
0.98100
0.98006
0.97905
0.97804
0.97702
0.97601
0.97492
0.97381
0.97269
0.97157
0.97044
0.96922
0.96800
0.96677
0.96555
0.96427
0.96294
0.96162
0.96030
0.95897
0.95754
0.95611
0.95468
0.95325
0.95177
0.95024
0.94871
0.94717
0.94564
0.94401
0.94238
0.94075
0.93911
0.93677
0.93338
0.92998
0.92658
0.92319
0.91434
0.90452
0.89471
0.88489
0.87495
0.86470
0.85445
0.84420
0.83395
0.82362
0.81328
0.80293
0.79258
0.78221
0.77177
0.76132
0.75088
0.74044
0.72993
0.71939
0.70885
0.69830
0.68775
0.67711
0.66648
0.65584
0.64520
0.63451
0.62377
0.61304
0.60231
0.59157
0.58075
0.56992
0.55909
0.54827
0.53813
0.52888
0.51962
0.51036
0.50111
0.49739
0.49436
0.49132
0.48829
0.48535
0.48256
0.47977
0.47698
0.47419
0.47134
0.46846
0.46559
0.46271
0.45981
0.45685
0.45389
0.45092
0.44796
0.44494
0.44189
0.43883
0.43578
0.43272
0.42958
0.42645
0.42331
0.42018
0.41699
0.41377
0.41055
0.40734
0.40411
0.40081
0.39751
0.39421
0.39091
0.38757
0.38419
0.38081
0.37743
0.37404
0.37059
0.36713
0.36367
0.36020
0.35671
0.35318
0.34964
0.34610
0.34256
0.33896
0.33535
0.33173
0.32812
0.32448
0.32080
0.31711
0.31342
0.30973
0.30599
0.30222
0.29846
0.29470
0.29093
0.28709
0.28326
0.27943
0.27560
0.27172
0.26782
0.26392
0.26002
0.25611
0.25214
0.24818
0.24421
0.24024
0.23623
0.23220
0.22816
0.22413
0.22009
0.21599
0.21190
0.20780
0.20370
0.19957
0.19541
0.19125
0.18709
0.18293
0.17872
0.17450
0.17028
0.16606
0.16182
0.15754
0.15326
0.14898
0.14470
0.14038
0.13604
0.13171
0.12737
0.12302
0.11863
0.11424
0.10985
0.10546
0.10104
0.09660
0.09216
0.08771
0.08327
0.07877
0.07428
0.06979
0.06529
0.06077
0.05623
0.05169
0.04715
0.04261
0.03802
0.03343
0.02884
0.02426
0.01965
0.01502
0.01039
0.00575
0.00112
-0.00355
-0.00822
-0.01290
-0.01757
-0.02226
-0.02698
-0.03169
-0.03640
-0.04112
-0.04345
-0.04521
-0.04697
-0.04873
-0.04915
-0.04563
-0.04210
-0.03857
-0.03505
-0.03154
-0.02805
-0.02456
-0.02107
-0.01758
-0.01412
-0.01066
-0.00720
-0.00374
-0.00029
0.00314
0.00657
0.01000
0.01343
0.01684
0.02024
0.02365
0.02705
0.03044
0.03382
0.03720
0.04058
0.04396
0.04732
0.05067
0.05403
0.05739
0.06074
0.06407
0.06741
0.07075
0.07408
0.07488
0.07520
0.07553
0.07585
0.07461
0.06960
0.06459
0.05958
0.05456
0.04954
0.04452
0.03949
0.03447
0.02944
0.02440
0.01936
0.01433
0.00929
0.00425
-0.00080
-0.00584
-0.01089
-0.01594
-0.02099
-0.02604
-0.03110
-0.03615
-0.04120
-0.04626
-0.05132
-0.05638
-0.06143
-0.06649
-0.07155
-0.07661
-0.08167
-0.08673
-0.09179
-0.09685
-0.10191
-0.10697
-0.11203
-0.11709
-0.12215
-0.12720
-0.13226
-0.13731
-0.14237
-0.14742
-0.15247
-0.15752
-0.16257
-0.16761
-0.17266
-0.17771
-0.18274
-0.18778
-0.19282
-0.19785
-0.20288
-0.20791
-0.21294
-0.21796
-0.22299
-0.22800
-0.23301
-0.23803
-0.24304
-0.24804
-0.25304
-0.25803
-0.26303
-0.26803
-0.27301
-0.27798
-0.28296
-0.28794
-0.29291
-0.29787
-0.30283
-0.30779
-0.31274
-0.31768
-0.32262
-0.32755
-0.33249
-0.33741
-0.34233
-0.34724
-0.35215
-0.35706
-0.36195
-0.36683
-0.37171
-0.37660
-0.38147
-0.38633
-0.39118
-0.39604
-0.40089
-0.40573
-0.41055
-0.41537
-0.42020
-0.42501
-0.42980
-0.43459
-0.43938
-0.44417
-0.44894
-0.45369
-0.45845
-0.46320
-0.46795
-0.47267
-0.47739
-0.48210
-0.48682
-0.49151
-0.49619
-0.50087
-0.50554
-0.51022
-0.51486
-0.51949
-0.52412
-0.52876
-0.53337
-0.53796
-0.54255
-0.54714
-0.55173
-0.55628
-0.56083
-0.56537
-0.56991
-0.57444
-0.57894
-0.58344
-0.58793
-0.59243
-0.59689
-0.60133
-0.60577
-0.61022
-0.61465
-0.61905
-0.62344
-0.62783
-0.63222
-0.63658
-0.64092
-0.64526
-0.64960
-0.65393
-0.65821
-0.66250
-0.66678
-0.67106
-0.67531
-0.67954
-0.68376
-0.68798
-0.69221
-0.69637
-0.70053
-0.70470
-0.70886
-0.71300
-0.71710
-0.72120
-0.72530
-0.72940
-0.73345
-0.73749
-0.74153
-0.74557
-0.74958
-0.75355
-0.75753
-0.76150
-0.76547
-0.76939
-0.77329
-0.77720
-0.78110
-0.78499
-0.78883
-0.79266
-0.79650
-0.80034
-0.80412
-0.80789
-0.81165
-0.81542
-0.81918
-0.82287
-0.82656
-0.83025
-0.83394
-0.83759
-0.84121
-0.84483
-0.84845
-0.85206
-0.85560
-0.85914
-0.86269
-0.86623
-0.86973
-0.87320
-0.87667
-0.88013
-0.88360
-0.88699
-0.89037
-0.89376
-0.89715
-0.90050
-0.90380
-0.90711
-0.91041
-0.91372
-0.91695
-0.92018
-0.92340
-0.92662
-0.92934
-0.93082
-0.93230
-0.93378
-0.93525
-0.93201
-0.92708
-0.92215
-0.91723
-0.91222
-0.90688
-0.90153
-0.89619
-0.89084
-0.88544
-0.88000
-0.87457
-0.86914
-0.86370
-0.85818
-0.85265
-0.84713
-0.84161
-0.83604
-0.83043
-0.82482
-0.81921
-0.81360
-0.80790
-0.80219
-0.79649
-0.79078
-0.78504
-0.77924
-0.77345
-0.76765
-0.76185
-0.75597
-0.75008
-0.74419
-0.73831
-0.73293
-0.72861
-0.72429
-0.71997
-0.71565
-0.71617
-0.71807
-0.71997
-0.72187
-0.72382
-0.72596
-0.72809
-0.73023
-0.73236
-0.73443
-0.73647
-0.73851
-0.74055
-0.74258
-0.74452
-0.74646
-0.74840
-0.75034
-0.75223
-0.75406
-0.75590
-0.75774
-0.75958
-0.76132
-0.76306
-0.76480
-0.76654
-0.76823
-0.76987
-0.77151
-0.77315
-0.77479
-0.77633
-0.77787
-0.77941
-0.78094
-0.78244
-0.78388
-0.78531
-0.78674
-0.78818
-0.78953
-0.79086
-0.79219
-0.79352
-0.79482
-0.79605
-0.79727
-0.79850
-0.79973
-0.80088
-0.80200
-0.80313
-0.80425
-0.80536
-0.80637
-0.80739
-0.80841
-0.80943
-0.81038
-0.81129
-0.81220
-0.81311
-0.81402
-0.81482
-0.81563
-0.81644
-0.81724
-0.81799
-0.81869
-0.81940
-0.82010
-0.82080
-0.81750
-0.81404
-0.81057
-0.80711
-0.80194
-0.79431
-0.78667
-0.77904
-0.77141
-0.76020
-0.74841
-0.73662
-0.72482
-0.71175
-0.69581
-0.67986
-0.66392
-0.64797
-0.62890
-0.60882
-0.58874
-0.56866
-0.54829
-0.52678
-0.50528
-0.48377
-0.46227
-0.43969
-0.41655
-0.39340
-0.37026
-0.34693
-0.32193
-0.29694
-0.27194
-0.24695
-0.22082
-0.19375
-0.16669
-0.13963
