usr4 1024

0.00000
-0.02855
-0.07031
-0.11764
-0.14911
-0.17567
-0.20079
-0.22592
-0.25105
-0.27617
-0.30130
-0.32642
-0.35155
-0.37667
-0.40180
-0.42693
-0.45205
-0.47718
-0.50230
-0.52743
-0.55255
-0.57768
-0.60281
-0.62793
-0.65306
-0.67818
-0.70331
-0.72843
-0.75356
-0.77868
-0.80381
-0.82894
-0.85406
-0.87919
-0.90431
-0.92944
-0.95456
-0.97693
-0.99479
-0.99795
-0.99949
-1.00000
-1.00000
-1.00000
-1.00000
-1.00000
-1.00000
-1.00000
-1.00000
-1.00000
-1.00000
-1.00000
-1.00000
-1.00000
-1.00000
-1.00000
-1.00000
-1.00000
-1.00000
-1.00000
-1.00000
-1.00000
-1.00000
-1.00000
-1.00000
-1.00000
-1.00000
-1.00000
-1.00000
-1.00000
-1.00000
-1.00000
-1.00000
-1.00000
-1.00000
-1.00000
-1.00000
-1.00000
-1.00000
-1.00000
-1.00000
-1.00000
-1.00000
-1.00000
-1.00000
-1.00000
-1.00000
-1.00000
-1.00000
-1.00000
-1.00000
-1.00000
-1.00000
-1.00000
-1.00000
-1.00000
-1.00000
-1.00000
-1.00000
-1.00000
-1.00000
-1.00000
-1.00000
-1.00000
-1.00000
-1.00000
-1.00000
-1.00000
-1.00000
-1.00000
-1.00000
-1.00000
-1.00000
-1.00000
-1.00000
-1.00000
-1.00000
-1.00000
-1.00000
-1.00000
-1.00000
-1.00000
-1.00000
-1.00000
-1.00000
-1.00000
-1.00000
-1.00000
-1.00000
-1.00000
-1.00000
-1.00000
-1.00000
-1.00000
-1.00000
-1.00000
-1.00000
-1.00000
-1.00000
-1.00000
-1.00000
-1.00000
-1.00000
-1.00000
-1.00000
-1.00000
-1.00000
-1.00000
-1.00000
-1.00000
-1.00000
-1.00000
-1.00000
-1.00000
-1.00000
-1.00000
-1.00000
-1.00000
-1.00000
-1.00000
-1.00000
-1.00000
-1.00000
-1.00000
-1.00000
-1.00000
-1.00000
-1.00000
-1.00000
-1.00000
-1.00000
-1.00000
-1.00000
-1.00000
-1.00000
-1.00000
-1.00000
-1.00000
-1.00000
-1.00000
-1.00000
-1.00000
-1.00000
-1.00000
-1.00000
-1.00000
-1.00000
-1.00000
-1.00000
-1.00000
-1.00000
-1.00000
-1.00000
-1.00000
-1.00000
-1.00000
-1.00000
-1.00000
-1.00000
-1.00000
-1.00000
-1.00000
-1.00000
-1.00000
-1.00000
-1.00000
-1.00000
-1.00000
-1.00000
-1.00000
-1.00000
-1.00000
-1.00000
-0.99860
-0.99426
-0.98082
-0.96243
-0.93975
-0.91463
-0.88950
-0.86438
-0.83925
-0.81413
-0.78900
-0.76387
-0.73875
-0.71362
-0.68850
-0.66337
-0.63825
-0.61312
-0.58799
-0.56287
-0.53774
-0.51262
-0.48749
-0.46237
-0.43724
-0.41211
-0.38699
-0.36186
-0.33674
-0.31161
-0.28649
-0.26136
-0.23623
-0.21111
-0.18598
-0.16086
-0.13573
-0.11061
-0.08548
-0.06035
-0.03523
-0.01010
0.01502
0.04015
0.06527
0.09040
0.11553
0.14065
0.16578
0.19090
0.21603
0.24115
0.26628
0.29140
0.31653
0.34166
0.36678
0.39191
0.41703
0.44216
0.46728
0.49241
0.51754
0.54266
0.56779
0.59291
0.61804
0.64316
0.66829
0.69342
0.71854
0.74367
0.76879
0.79392
0.81904
0.84417
0.86930
0.89442
0.91955
0.94321
0.96458
0.97415
0.97880
0.98020
0.98020
0.98020
0.98020
0.98020
0.98020
0.98020
0.98020
0.98020
0.98020
0.98020
0.98020
0.98020
0.98020
0.98020
0.98020
0.98020
0.98020
0.98020
0.98020
0.98020
0.98020
0.98020
0.98020
0.98020
0.98020
0.98020
0.98020
0.98020
0.98020
0.98020
0.98020
0.98020
0.98020
0.98020
0.98020
0.98020
0.98020
0.98020
0.98020
0.98020
0.98020
0.98020
0.98020
0.98020
0.98020
0.98020
0.98020
0.98020
0.98020
0.98020
0.98020
0.98020
0.98020
0.98020
0.98020
0.98020
0.98020
0.98020
0.98020
0.98020
0.98020
0.98020
0.98020
0.98020
0.98020
0.98020
0.98020
0.98020
0.98020
0.98020
0.98020
0.98020
0.98020
0.98020
0.98020
0.98020
0.98020
0.98020
0.98020
0.98020
0.98020
0.98020
0.98020
0.98020
0.98020
0.98020
0.98020
0.98020
0.98020
0.98020
0.98020
0.98020
0.98020
0.98020
0.98020
0.98020
0.98020
0.98020
0.98020
0.98020
0.98020
0.98020
0.98020
0.98020
0.98020
0.98020
0.98020
0.98020
0.98020
0.98020
0.98020
0.98020
0.98020
0.98020
0.98020
0.98020
0.98020
0.98020
0.98020
0.98020
0.98020
0.98020
0.98020
0.98020
0.98020
0.98020
0.98020
0.98020
0.98020
0.98020
0.98020
0.98020
0.98020
0.98020
0.98020
0.98020
0.98020
0.98020
0.98020
0.98020
0.98020
0.98020
0.98020
0.98020
0.98020
0.98020
0.98020
0.98020
0.98020
0.98020
0.98020
0.98020
0.98020
0.98020
0.98020
0.98020
0.98020
0.98020
0.98020
0.98020
0.98020
0.98020
0.98020
0.98020
0.98020
0.98020
0.98020
0.98020
0.98020
0.98020
0.98020
0.98020
0.98020
0.96972
0.95386
0.93349
0.90972
0.88492
0.85979
0.83466
0.80954
0.78441
0.75929
0.73416
0.70904
0.68391
0.65878
0.63366
0.60853
0.58341
0.55828
0.53316
0.50803
0.48291
0.45778
0.43265
0.40753
0.38240
0.35728
0.33215
0.30703
0.28190
0.25677
0.23165
0.20652
0.18140
0.15627
0.13115
0.10602
0.08089
0.05577
0.03064
0.00552
-0.01961
-0.04473
-0.06986
-0.09499
-0.12011
-0.14524
-0.17036
-0.19549
-0.22061
-0.24574
-0.27087
-0.29599
-0.32112
-0.34624
-0.37137
-0.39649
-0.42162
-0.44674
-0.47187
-0.49700
-0.52212
-0.54725
-0.57237
-0.59750
-0.62262
-0.64775
-0.67288
-0.69800
-0.72313
-0.74825
-0.77338
-0.79850
-0.82363
-0.84876
-0.87388
-0.89901
-0.92413
-0.94880
-0.97228
-0.98957
-0.99707
-0.99958
-0.99996
-1.00000
-1.00000
-1.00000
-1.00000
-1.00000
-1.00000
-1.00000
-1.00000
-1.00000
-1.00000
-1.00000
-1.00000
-1.00000
-1.00000
-1.00000
-1.00000
-1.00000
-1.00000
-1.00000
-1.00000
-1.00000
-1.00000
-1.00000
-1.00000
-1.00000
-1.00000
-1.00000
-1.00000
-1.00000
-1.00000
-1.00000
-1.00000
-1.00000
-1.00000
-1.00000
-1.00000
-1.00000
-1.00000
-1.00000
-1.00000
-1.00000
-1.00000
-1.00000
-1.00000
-1.00000
-1.00000
-1.00000
-1.00000
-1.00000
-1.00000
-1.00000
-1.00000
-1.00000
-1.00000
-1.00000
-1.00000
-1.00000
-1.00000
-1.00000
-1.00000
-1.00000
-1.00000
-1.00000
-1.00000
-1.00000
-1.00000
-1.00000
-1.00000
-1.00000
-1.00000
-1.00000
-1.00000
-1.00000
-1.00000
-1.00000
-1.00000
-1.00000
-1.00000
-1.00000
-1.00000
-1.00000
-1.00000
-1.00000
-1.00000
-1.00000
-1.00000
-1.00000
-1.00000
-1.00000
-1.00000
-1.00000
-1.00000
-1.00000
-1.00000
-1.00000
-1.00000
-1.00000
-1.00000
-1.00000
-1.00000
-1.00000
-1.00000
-1.00000
-1.00000
-1.00000
-1.00000
-1.00000
-1.00000
-1.00000
-1.00000
-1.00000
-1.00000
-1.00000
-1.00000
-1.00000
-1.00000
-1.00000
-1.00000
-1.00000
-1.00000
-1.00000
-1.00000
-1.00000
-1.00000
-1.00000
-1.00000
-1.00000
-1.00000
-1.00000
-1.00000
-1.00000
-1.00000
-1.00000
-1.00000
-1.00000
-1.00000
-1.00000
-1.00000
-1.00000
-1.00000
-1.00000
-1.00000
-1.00000
-1.00000
-1.00000
-1.00000
-1.00000
-1.00000
-1.00000
-1.00000
-1.00000
-1.00000
-1.00000
-1.00000
-1.00000
-1.00000
-1.00000
-1.00000
-1.00000
-1.00000
-1.00000
-1.00000
-1.00000
-1.00000
-1.00000
-1.00000
-1.00000
-1.00000
-1.00000
-1.00000
-1.00000
-0.99966
-0.99371
-0.98212
-0.96585
-0.94443
-0.91993
-0.89481
-0.86968
-0.84456
-0.81943
-0.79431
-0.76918
-0.74405
-0.71893
-0.69380
-0.66868
-0.64355
-0.61843
-0.59330
-0.56817
-0.54305
-0.51792
-0.49280
-0.46767
-0.44255
-0.41742
-0.39229
-0.36717
-0.34204
-0.31692
-0.29179
-0.26667
-0.24154
-0.21641
-0.19129
-0.16616
-0.14104
-0.11591
-0.09079
-0.06566
-0.04054
-0.01541
0.00972
0.03484
0.05997
0.08509
0.11022
0.13534
0.16047
0.18560
0.21072
0.23585
0.26097
0.28610
0.31122
0.33635
0.36148
0.38660
0.41173
0.43685
0.46198
0.48710
0.51223
0.53736
0.56248
0.58761
0.61273
0.63786
0.66298
0.68811
0.71324
0.73836
0.76349
0.78861
0.81374
0.83886
0.86399
0.88911
0.91424
0.93908
0.96265
0.97315
0.97802
0.97972
0.98007
0.98020
0.98020
0.98020
0.98020
0.98020
0.98020
0.98020
0.98020
0.98020
0.98020
0.98020
0.98020
0.98020
0.98020
0.98020
0.98020
0.98020
0.98020
0.98020
0.98020
0.98020
0.98020
0.98020
0.98020
0.98020
0.98020
0.98020
0.98020
0.98020
0.98020
0.98020
0.98020
0.98020
0.98020
0.98020
0.98020
0.98020
0.98020
0.98020
0.98020
0.98020
0.98020
0.98020
0.98020
0.98020
0.98020
0.98020
0.98020
0.98020
0.98020
0.98020
0.98020
0.98020
0.98020
0.98020
0.98020
0.98020
0.98020
0.98020
0.98020
0.98020
0.98020
0.98020
0.98020
0.98020
0.98020
0.98020
0.98020
0.98020
0.98020
0.98020
0.98020
0.98020
0.98020
0.98020
0.98020
0.98020
0.98020
0.98020
0.98020
0.98020
0.98020
0.98020
0.98020
0.98020
0.98020
0.98020
0.98020
0.98020
0.98020
0.98020
0.98020
0.98020
0.98020
0.98020
0.98020
0.98020
0.98020
0.98020
0.98020
0.98020
0.98020
0.98020
0.98020
0.98020
0.98020
0.98020
0.98020
0.98020
0.98020
0.98020
0.98020
0.98020
0.98020
0.98020
0.98020
0.98020
0.98020
0.98020
0.98020
0.98020
0.98020
0.98020
0.98020
0.98020
0.98020
0.98020
0.98020
0.98020
0.98020
0.98020
0.98020
0.98020
0.98020
0.98020
0.98020
0.98020
0.98020
0.98020
0.98020
0.98020
0.98020
0.98020
0.98020
0.98020
0.98020
0.98020
0.98020
0.98020
0.98020
0.98020
0.98020
0.98020
0.98020
0.98020
0.98020
0.98020
0.98020
0.98020
0.98020
0.98020
0.98020
0.98020
0.98020
0.98020
0.98020
0.98020
0.98020
0.98020
0.98020
0.97986
0.97720
0.96977
0.95777
0.93977
0.91535
0.89022
0.86510
0.83997
0.81485
0.78972
0.76459
0.73947
0.71434
0.68922
0.66409
0.63897
0.61384
0.58871
0.56359
0.53846
0.51334
0.48821
0.46309
0.43796
0.41283
0.38771
0.36258
0.33746
0.31233
0.28721
0.26208
0.23695
0.21183
0.18670
0.16158
0.13645
0.11133
0.08620
0.06107
0.03595
0.01082
-0.01430
-0.03943
-0.06455
