usr4 1024

-1.00000
-0.99609
-0.99219
-0.98828
-0.98438
-0.98047
-0.97656
-0.97266
-0.96875
-0.96484
-0.96094
-0.95703
-0.95313
-0.94922
-0.94531
-0.94141
-0.93750
-0.93359
-0.92969
-0.92578
-0.92188
-0.91797
-0.91406
-0.91016
-0.90625
-0.90234
-0.89844
-0.89453
-0.89063
-0.88672
-0.88281
-0.87891
-0.87500
-0.87109
-0.86719
-0.86328
-0.85938
-0.85547
-0.85156
-0.84766
-0.84375
-0.83984
-0.83594
-0.83203
-0.82813
-0.82422
-0.82031
-0.81641
-0.81250
-0.80859
-0.80469
-0.80078
-0.79688
-0.79297
-0.78906
-0.78516
-0.78125
-0.77734
-0.77344
-0.76953
-0.76563
-0.76172
-0.75781
-0.75391
-0.75000
-0.74609
-0.74219
-0.73828
-0.73438
-0.73047
-0.72656
-0.72266
-0.71875
-0.71484
-0.71094
-0.70703
-0.70313
-0.69922
-0.69531
-0.69141
-0.68750
-0.68359
-0.67969
-0.67578
-0.67188
-0.66797
-0.66406
-0.66016
-0.65625
-0.65234
-0.64844
-0.64453
-0.64063
-0.63672
-0.63281
-0.62891
-0.62500
-0.62109
-0.61719
-0.61328
-0.60938
-0.60547
-0.60156
-0.59766
-0.59375
-0.58984
-0.58594
-0.58203
-0.57813
-0.57422
-0.57031
-0.56641
-0.56250
-0.55859
-0.55469
-0.55078
-0.54688
-0.54297
-0.53906
-0.53516
-0.53125
-0.52734
-0.52344
-0.51953
-0.51563
-0.51172
-0.50781
-0.50391
-0.50000
-0.49609
-0.49219
-0.48828
-0.48438
-0.48047
-0.47656
-0.47266
-0.46875
-0.46484
-0.46094
-0.45703
-0.45313
-0.44922
-0.44531
-0.44141
-0.43750
-0.43359
-0.42969
-0.42578
-0.42188
-0.41797
-0.41406
-0.41016
-0.40625
-0.40234
-0.39844
-0.39453
-0.39063
-0.38672
-0.38281
-0.37891
-0.37500
-0.37109
-0.36719
-0.36328
-0.35938
-0.35547
-0.35156
-0.34766
-0.34375
-0.33984
-0.33594
-0.33203
-0.32813
-0.32422
-0.32031
-0.31641
-0.31250
-0.30859
-0.30469
-0.30078
-0.29688
-0.29297
-0.28906
-0.28516
-0.28125
-0.27734
-0.27344
-0.26953
-0.26563
-0.26172
-0.25781
-0.25391
-0.25000
-0.24609
-0.24219
-0.23828
-0.23438
-0.23047
-0.22656
-0.22266
-0.21875
-0.21484
-0.21094
-0.20703
-0.20313
-0.19922
-0.19531
-0.19141
-0.18750
-0.18359
-0.17969
-0.17578
-0.17188
-0.16797
-0.16406
-0.16016
-0.15625
-0.15234
-0.14844
-0.14453
-0.14063
-0.13672
-0.13281
-0.12891
-0.12500
-0.12109
-0.11719
-0.11328
-0.10938
-0.10547
-0.10156
-0.09766
-0.09375
-0.08984
-0.08594
-0.08203
-0.07813
-0.07422
-0.07031
-0.06641
-0.06250
-0.05859
-0.05469
-0.05078
-0.04688
-0.04297
-0.03906
-0.03516
-0.03125
-0.02734
-0.02344
-0.01953
-0.01563
-0.01172
-0.00781
-0.00391
0.00000
0.00391
0.00781
0.01172
0.01563
0.01953
0.02344
0.02734
0.03125
0.03516
0.03906
0.04297
0.04688
0.05078
0.05469
0.05859
0.06250
0.06641
0.07031
0.07422
0.07813
0.08203
0.08594
0.08984
0.09375
0.09766
0.10156
0.10547
0.10938
0.11328
0.11719
0.12109
0.12500
0.12891
0.13281
0.13672
0.14063
0.14453
0.14844
0.15234
0.15625
0.16016
0.16406
0.16797
0.17188
0.17578
0.17969
0.18359
0.18750
0.19141
0.19531
0.19922
0.20313
0.20703
0.21094
0.21484
0.21875
0.22266
0.22656
0.23047
0.23438
0.23828
0.24219
0.24609
0.25000
0.25391
0.25781
0.26172
0.26563
0.26953
0.27344
0.27734
0.28125
0.28516
0.28906
0.29297
0.29688
0.30078
0.30469
0.30859
0.31250
0.31641
0.32031
0.32422
0.32813
0.33203
0.33594
0.33984
0.34375
0.34766
0.35156
0.35547
0.35938
0.36328
0.36719
0.37109
0.37500
0.37891
0.38281
0.38672
0.39063
0.39453
0.39844
0.40234
0.40625
0.41016
0.41406
0.41797
0.42188
0.42578
0.42969
0.43359
0.43750
0.44141
0.44531
0.44922
0.45313
0.45703
0.46094
0.46484
0.46875
0.47266
0.47656
0.48047
0.48438
0.48828
0.49219
0.49609
0.50000
0.50391
0.50781
0.51172
0.51563
0.51953
0.52344
0.52734
0.53125
0.53516
0.53906
0.54297
0.54688
0.55078
0.55469
0.55859
0.56250
0.56641
0.57031
0.57422
0.57813
0.58203
0.58594
0.58984
0.59375
0.59766
0.60156
0.60547
0.60938
0.61328
0.61719
0.62109
0.62500
0.62891
0.63281
0.63672
0.64063
0.64453
0.64844
0.65234
0.65625
0.66016
0.66406
0.66797
0.67188
0.67578
0.67969
0.68359
0.68750
0.69141
0.69531
0.69922
0.70313
0.70703
0.71094
0.71484
0.71875
0.72266
0.72656
0.73047
0.73438
0.73828
0.74219
0.74609
0.75000
0.75391
0.75781
0.76172
0.76563
0.76953
0.77344
0.77734
0.78125
0.78516
0.78906
0.79297
0.79688
0.80078
0.80469
0.80859
0.81250
0.81641
0.82031
0.82422
0.82813
0.83203
0.83594
0.83984
0.84375
0.84766
0.85156
0.85547
0.85938
0.86328
0.86719
0.87109
0.87500
0.87891
0.88281
0.88672
0.89063
0.89453
0.89844
0.90234
0.90625
0.91016
0.91406
0.91797
0.92188
0.92578
0.92969
0.93359
0.93750
0.94141
0.94531
0.94922
0.95313
0.95703
0.96094
0.96484
0.96875
0.97266
0.97656
0.98047
0.98438
0.98828
0.99057
0.98862
0.98667
0.98471
0.98276
0.97939
0.97549
0.97158
0.96767
0.96377
0.95986
0.95595
0.95205
0.94814
0.94424
0.94033
0.93642
0.93252
0.92861
0.92470
0.92080
0.91689
0.91299
0.90908
0.90517
0.90127
0.89736
0.89345
0.88955
0.88564
0.88174
0.87783
0.87392
0.87002
0.86611
0.86220
0.85830
0.85439
0.85049
0.84658
0.84267
0.83877
0.83486
0.83095
0.82705
0.82314
0.81924
0.81533
0.81142
0.80752
0.80361
0.79970
0.79580
0.79189
0.78799
0.78408
0.78017
0.77627
0.77236
0.76845
0.76455
0.76064
0.75674
0.75283
0.74892
0.74502
0.74111
0.73720
0.73330
0.72939
0.72549
0.72158
0.71767
0.71377
0.70986
0.70595
0.70205
0.69814
0.69424
0.69033
0.68642
0.68252
0.67861
0.67470
0.67080
0.66689
0.66299
0.65908
0.65517
0.65127
0.64736
0.64345
0.63955
0.63564
0.63174
0.62783
0.62392
0.62002
0.61611
0.61220
0.60830
0.60439
0.60049
0.59658
0.59267
0.58877
0.58486
0.58095
0.57705
0.57314
0.56924
0.56533
0.56142
0.55752
0.55361
0.54970
0.54580
0.54189
0.53799
0.53408
0.53017
0.52627
0.52236
0.51845
0.51455
0.51064
0.50674
0.50283
0.49892
0.49502
0.49111
0.48720
0.48330
0.47939
0.47549
0.47158
0.46767
0.46377
0.45986
0.45595
0.45205
0.44814
0.44424
0.44033
0.43642
0.43252
0.42861
0.42470
0.42080
0.41689
0.41299
0.40908
0.40517
0.40127
0.39736
0.39345
0.38955
0.38564
0.38174
0.37783
0.37392
0.37002
0.36611
0.36220
0.35830
0.35439
0.35049
0.34658
0.34267
0.33877
0.33486
0.33095
0.32705
0.32314
0.31924
0.31533
0.31142
0.30752
0.30361
0.29970
0.29580
0.29189
0.28799
0.28408
0.28017
0.27627
0.27236
0.26845
0.26455
0.26064
0.25674
0.25283
0.24892
0.24502
0.24111
0.23720
0.23330
0.22939
0.22549
0.22158
0.21767
0.21377
0.20986
0.20595
0.20205
0.19814
0.19424
0.19033
0.18642
0.18252
0.17861
0.17470
0.17080
0.16689
0.16299
0.15908
0.15517
0.15127
0.14736
0.14345
0.13955
0.13564
0.13174
0.12783
0.12392
0.12002
0.11611
0.11220
0.10830
0.10439
0.10049
0.09658
0.09267
0.08877
0.08486
0.08095
0.07705
0.07314
0.06924
0.06533
0.06142
0.05752
0.05361
0.04970
0.04580
0.04189
0.03799
0.03408
0.03017
0.02627
0.02236
0.01845
0.01455
0.01064
0.00674
0.00283
-0.00108
-0.00498
-0.00889
-0.01280
-0.01670
-0.02061
-0.02451
-0.02842
-0.03233
-0.03623
-0.04014
-0.04405
-0.04795
-0.05186
-0.05576
-0.05967
-0.06358
-0.06748
-0.07139
-0.07530
-0.07920
-0.08311
-0.08701
-0.09092
-0.09483
-0.09873
-0.10264
-0.10655
-0.11045
-0.11436
-0.11826
-0.12217
-0.12608
-0.12998
-0.13389
-0.13780
-0.14170
-0.14561
-0.14951
-0.15342
-0.15733
-0.16123
-0.16514
-0.16905
-0.17295
-0.17686
-0.18076
-0.18467
-0.18858
-0.19248
-0.19639
-0.20030
-0.20420
-0.20811
-0.21201
-0.21592
-0.21983
-0.22373
-0.22764
-0.23155
-0.23545
-0.23936
-0.24326
-0.24717
-0.25108
-0.25498
-0.25889
-0.26280
-0.26670
-0.27061
-0.27451
-0.27842
-0.28233
-0.28623
-0.29014
-0.29405
-0.29795
-0.30186
-0.30576
-0.30967
-0.31358
-0.31748
-0.32139
-0.32530
-0.32920
-0.33311
-0.33701
-0.34092
-0.34483
-0.34873
-0.35264
-0.35655
-0.36045
-0.36436
-0.36826
-0.37217
-0.37608
-0.37998
-0.38389
-0.38780
-0.39170
-0.39561
-0.39951
-0.40342
-0.40733
-0.41123
-0.41514
-0.41905
-0.42295
-0.42686
-0.43076
-0.43467
-0.43858
-0.44248
-0.44639
-0.45030
-0.45420
-0.45811
-0.46201
-0.46592
-0.46983
-0.47373
-0.47764
-0.48155
-0.48545
-0.48936
-0.49326
-0.49717
-0.50108
-0.50498
-0.50889
-0.51280
-0.51670
-0.52061
-0.52451
-0.52842
-0.53233
-0.53623
-0.54014
-0.54405
-0.54795
-0.55186
-0.55576
-0.55967
-0.56358
-0.56748
-0.57139
-0.57530
-0.57920
-0.58311
-0.58701
-0.59092
-0.59483
-0.59873
-0.60264
-0.60655
-0.61045
-0.61436
-0.61826
-0.62217
-0.62608
-0.62998
-0.63389
-0.63780
-0.64170
-0.64561
-0.64951
-0.65342
-0.65733
-0.66123
-0.66514
-0.66905
-0.67295
-0.67686
-0.68076
-0.68467
-0.68858
-0.69248
-0.69639
-0.70030
-0.70420
-0.70811
-0.71201
-0.71592
-0.71983
-0.72373
-0.72764
-0.73155
-0.73545
-0.73936
-0.74326
-0.74717
-0.75108
-0.75498
-0.75889
-0.76280
-0.76670
-0.77061
-0.77451
-0.77842
-0.78233
-0.78623
-0.79014
-0.79405
-0.79795
-0.80186
-0.80576
-0.80967
-0.81358
-0.81748
-0.82139
-0.82530
-0.82920
-0.83311
-0.83701
-0.84092
-0.84483
-0.84873
-0.85264
-0.85655
-0.86045
-0.86436
-0.86826
-0.87217
-0.87608
-0.87998
-0.88389
-0.88780
-0.89170
-0.89561
-0.89951
-0.90342
-0.90733
-0.91123
-0.91514
-0.91905
-0.92295
-0.92686
-0.93076
-0.93467
-0.93858
-0.94248
-0.94639
-0.95030
-0.95420
-0.95811
-0.96201
-0.96592
-0.96983
-0.97373
-0.97764
-0.98155
-0.98545
-0.98936
-0.99219
-0.99414
-0.99609
-0.99805
