vr5 1024

0.00000
-0.00953
-0.02194
-0.03717
-0.05409
-0.07175
-0.08933
-0.11144
-0.13441
-0.15764
-0.18080
-0.20363
-0.22551
-0.24650
-0.26678
-0.28622
-0.30572
-0.32419
-0.34258
-0.35972
-0.37667
-0.39228
-0.40759
-0.42105
-0.43407
-0.44519
-0.45575
-0.46385
-0.47124
-0.47831
-0.48471
-0.49134
-0.49735
-0.50345
-0.50897
-0.51203
-0.51442
-0.51687
-0.51870
-0.52145
-0.52365
-0.52854
-0.53303
-0.53802
-0.54266
-0.54660
-0.55017
-0.55284
-0.55512
-0.55769
-0.55989
-0.56443
-0.56871
-0.57510
-0.58131
-0.59013
-0.59888
-0.60917
-0.61945
-0.63235
-0.64533
-0.66171
-0.67826
-0.70029
-0.72268
-0.74498
-0.76763
-0.78973
-0.81214
-0.83232
-0.85274
-0.86984
-0.88708
-0.90062
-0.91420
-0.92304
-0.93180
-0.93373
-0.93540
-0.93408
-0.93242
-0.92832
-0.92384
-0.91835
-0.91246
-0.91028
-0.90779
-0.90839
-0.90876
-0.91282
-0.91675
-0.92133
-0.92580
-0.91962
-0.91345
-0.90770
-0.90194
-0.90364
-0.90535
-0.91235
-0.91936
-0.92621
-0.93308
-0.93429
-0.93551
-0.93583
-0.93615
-0.94141
-0.94667
-0.95760
-0.96854
-0.98178
-0.99502
-1.00000
-1.00000
-1.00000
-1.00000
-1.00000
-1.00000
-1.00000
-1.00000
-1.00000
-1.00000
-1.00000
-1.00000
-0.99689
-0.99209
-0.98456
-0.97704
-0.96712
-0.95721
-0.94465
-0.93209
-0.92336
-0.91464
-0.90674
-0.89884
-0.89075
-0.88266
-0.87825
-0.87384
-0.86761
-0.86139
-0.85209
-0.84280
-0.82510
-0.80739
-0.79531
-0.78323
-0.77285
-0.76247
-0.75196
-0.74145
-0.73182
-0.72221
-0.72077
-0.71934
-0.72572
-0.73211
-0.74373
-0.75536
-0.76569
-0.77603
-0.78593
-0.79585
-0.80594
-0.81604
-0.83067
-0.84531
-0.85725
-0.86920
-0.87670
-0.88421
-0.87919
-0.87418
-0.86674
-0.85931
-0.84878
-0.83827
-0.82247
-0.80668
-0.79038
-0.77408
-0.76017
-0.74626
-0.73548
-0.72471
-0.71651
-0.70833
-0.70156
-0.69480
-0.68833
-0.68187
-0.67357
-0.66527
-0.66166
-0.65805
-0.65699
-0.65594
-0.65705
-0.65817
-0.65966
-0.66115
-0.66704
-0.67293
-0.68176
-0.69059
-0.69894
-0.70729
-0.71568
-0.72407
-0.73529
-0.74652
-0.76263
-0.77874
-0.79224
-0.80575
-0.81348
-0.82122
-0.82506
-0.82890
-0.83729
-0.84569
-0.85347
-0.86125
-0.85748
-0.85371
-0.82628
-0.79886
-0.75486
-0.71086
-0.66692
-0.62299
-0.58014
-0.53730
-0.49023
-0.44317
-0.39312
-0.34309
-0.29092
-0.23876
-0.18458
-0.13040
-0.08696
-0.04354
-0.01250
0.01853
0.03662
0.05470
0.06506
0.07540
0.08455
0.09369
0.10119
0.10868
0.11303
0.11737
0.13064
0.14390
0.16564
0.18738
0.21823
0.24908
0.28090
0.31271
0.34395
0.37518
0.40488
0.43457
0.45953
0.48448
0.50283
0.52117
0.54076
0.56034
0.58484
0.60933
0.62977
0.65019
0.66649
0.68278
0.69835
0.71391
0.74247
0.77102
0.81103
0.85103
0.89508
0.93912
0.98348
1.00000
1.00000
1.00000
1.00000
1.00000
1.00000
1.00000
1.00000
1.00000
1.00000
1.00000
1.00000
1.00000
1.00000
1.00000
0.99034
0.94208
0.89591
0.84972
0.80759
0.76545
0.72805
0.69065
0.65655
0.62245
0.59225
0.56205
0.53839
0.51472
0.49773
0.48073
0.46772
0.45469
0.44485
0.43500
0.41176
0.38850
0.35610
0.32369
0.28844
0.25317
0.22825
0.20332
0.19308
0.18283
0.17680
0.17076
0.16566
0.16054
0.15255
0.14455
0.13371
0.12287
0.10745
0.09202
0.06415
0.03628
0.00445
-0.02739
-0.06148
-0.09559
-0.13154
-0.16751
-0.21927
-0.27105
-0.32217
-0.37329
-0.42124
-0.46920
-0.50488
-0.54058
-0.56741
-0.59425
-0.61219
-0.63015
-0.63603
-0.64193
-0.64230
-0.64269
-0.63866
-0.63465
-0.62535
-0.61606
-0.59206
-0.56808
-0.54502
-0.52196
-0.50087
-0.47979
-0.46287
-0.44596
-0.42014
-0.39434
-0.36478
-0.33524
-0.30303
-0.27084
-0.24135
-0.21188
-0.17939
-0.14692
-0.11301
-0.07911
-0.04627
-0.01345
0.01949
0.05241
0.08641
0.12039
0.15590
0.19139
0.21377
0.23613
0.25367
0.27120
0.28454
0.29787
0.30739
0.31690
0.31989
0.32287
0.32431
0.32573
0.32778
0.32981
0.33568
0.34153
0.35342
0.36528
0.38411
0.40292
0.43484
0.46675
0.50099
0.53522
0.57120
0.60716
0.64498
0.68279
0.72900
0.77520
0.82277
0.87032
0.91772
0.96512
1.00000
1.00000
1.00000
1.00000
1.00000
1.00000
1.00000
1.00000
1.00000
1.00000
1.00000
1.00000
1.00000
1.00000
1.00000
1.00000
1.00000
1.00000
1.00000
1.00000
0.98908
0.96260
0.93952
0.91643
0.89614
0.87583
0.85841
0.84097
0.82378
0.80657
0.78524
0.76390
0.73971
0.71549
0.69057
0.66563
0.64964
0.63363
0.62486
0.61608
0.61520
0.61431
0.62503
0.63573
0.64989
0.66403
0.68035
0.69667
0.71177
0.72687
0.74245
0.75801
0.77367
0.78932
0.80486
0.82037
0.83025
0.84011
0.84101
0.84191
0.83405
0.82619
0.81118
0.79615
0.78400
0.77184
0.76035
0.74885
0.73607
0.72328
0.71451
0.70574
0.69785
0.68995
0.68164
0.67332
0.65430
0.63526
0.61371
0.59215
0.57227
0.55238
0.54124
0.53008
0.53611
0.54213
0.55360
0.56506
0.57957
0.59407
0.61145
0.62882
0.65943
0.69004
0.73148
0.77291
0.82446
0.87599
0.92133
0.96667
1.00000
1.00000
1.00000
1.00000
1.00000
1.00000
1.00000
1.00000
1.00000
1.00000
1.00000
1.00000
1.00000
1.00000
1.00000
1.00000
1.00000
1.00000
1.00000
1.00000
1.00000
0.99765
0.99363
0.98959
0.97077
0.95194
0.92816
0.90436
0.88537
0.86637
0.86242
0.85844
0.86542
0.87239
0.87733
0.88225
0.88307
0.88388
0.87626
0.86862
0.86892
0.86921
0.87791
0.88661
0.90793
0.92924
0.93868
0.94809
0.95024
0.95236
0.94831
0.94424
0.94708
0.94991
0.95487
0.95982
0.96412
0.96839
0.96615
0.96390
0.95010
0.93628
0.91738
0.89847
0.87596
0.85343
0.82956
0.80567
0.78213
0.75857
0.73397
0.70936
0.67908
0.64878
0.60968
0.57056
0.53720
0.50383
0.48487
0.46589
0.46775
0.46960
0.46659
0.46356
0.45527
0.44697
0.43543
0.42387
0.42390
0.42391
0.43512
0.44632
0.47209
0.49784
0.51424
0.53062
0.53207
0.53350
0.52334
0.51316
0.52214
0.53110
0.56016
0.58919
0.61975
0.65029
0.66171
0.67311
0.65654
0.63994
0.62575
0.61155
0.60668
0.60179
0.62851
0.65521
0.67511
0.69500
0.70244
0.70987
0.68952
0.66915
0.66124
0.65332
0.66261
0.67189
0.70121
0.73051
0.75751
0.78449
0.79683
0.80915
0.81217
0.81516
0.81906
0.82295
0.85504
0.88712
0.92785
0.96856
1.00000
1.00000
1.00000
1.00000
1.00000
1.00000
1.00000
1.00000
1.00000
1.00000
1.00000
1.00000
1.00000
1.00000
1.00000
1.00000
1.00000
1.00000
1.00000
1.00000
1.00000
1.00000
1.00000
1.00000
1.00000
1.00000
1.00000
1.00000
1.00000
1.00000
1.00000
1.00000
1.00000
1.00000
1.00000
1.00000
1.00000
1.00000
1.00000
1.00000
1.00000
1.00000
1.00000
1.00000
1.00000
1.00000
1.00000
1.00000
1.00000
1.00000
1.00000
1.00000
1.00000
1.00000
1.00000
1.00000
1.00000
1.00000
1.00000
1.00000
1.00000
1.00000
1.00000
1.00000
0.98795
0.95911
0.93104
0.90297
0.87749
0.85200
0.83516
0.81831
0.78134
0.74436
0.69605
0.64773
0.59021
0.53269
0.49575
0.45880
0.42970
0.40058
0.37664
0.35268
0.32475
0.29681
0.26337
0.22991
0.19442
0.15892
0.12369
0.08845
0.07531
0.06215
0.05985
0.05754
0.06212
0.06668
0.05173
0.03678
0.02332
0.00986
0.00731
0.00475
0.03007
0.05538
0.08069
0.10599
0.11742
0.12884
0.12371
0.11858
0.12151
0.12444
0.14289
0.16134
0.18686
0.21236
0.23133
0.25028
0.24617
0.24205
0.23200
0.22195
0.21081
0.19966
0.21826
0.23685
0.25264
0.26842
0.27689
0.28536
0.26987
0.25437
0.24697
0.23955
0.24412
0.24869
0.26993
0.29117
0.31427
0.33736
0.35689
0.37642
0.39405
0.41168
0.43604
0.46039
0.49247
0.52454
0.55833
0.59210
0.62355
0.65499
0.67575
0.69650
0.71011
0.72372
0.73141
0.73911
0.74746
0.75581
0.76817
0.78053
0.79220
0.80386
0.80916
0.81445
0.80453
0.79461
0.77938
0.76415
0.74636
0.72856
0.72776
0.72696
0.72874
0.73052
0.72931
0.72809
0.71295
0.69779
0.68500
0.67219
0.66214
0.65208
0.64500
0.63792
0.62176
0.60559
0.58963
0.57366
0.55890
0.54413
0.53369
0.52325
0.50882
0.49439
0.47841
0.46243
0.44566
0.42888
0.41790
0.40691
0.39405
0.38119
0.36776
0.35433
0.34650
0.33865
0.33601
0.33337
0.32817
0.32296
0.30927
0.29558
0.27826
0.26093
0.24319
0.22544
0.20702
0.18858
0.16579
0.14300
0.12154
0.10007
0.08028
0.06049
0.04336
0.02622
0.01549
0.00475
-0.00229
-0.00934
-0.01281
-0.01629
-0.01406
-0.01184
-0.00706
-0.00229
0.00249
0.00726
0.00825
0.00923
0.00817
0.00711
0.00677
0.00643
0.00749
0.00855
0.00955
0.01054
0.01141
0.01226
0.01552
0.01877
0.03130
0.04383
0.06304
0.08182
0.10096
0.11965
0.13645
0.15284
0.16540
0.17762
0.18918
0.20042
0.21082
0.22091
0.22922
0.23725
0.23267
0.22812
0.21823
0.20853
0.19614
0.18402
0.18259
0.18112
0.17629
0.17151
0.16229
0.15327
0.13654
0.12026
0.10987
0.09975
0.09446
0.08929
0.08961
0.08987
0.09064
0.09133
0.09143
0.09146
0.09069
0.08987
0.08706
0.08429
0.07803
0.07195
0.06479
0.05786
0.05212
0.04658
0.04198
0.03755
0.03280
0.02825
0.02335
0.01866
0.01744
0.01626
0.01618
0.01609
0.01630
0.01647
0.01578
0.01510
0.01096
0.00708
0.00364
0.00043
-0.00131
-0.00291
0.00059
0.00380
0.00235
0.00102
-0.00406
-0.00861
-0.01720
-0.02473
-0.02710
-0.02895
-0.02732
-0.02563
-0.02105
-0.01692
-0.01646
-0.01795
-0.02153
-0.02024
-0.01950
-0.01827
-0.01568
-0.01205
-0.00701
